000 140021001002 00000000 00000001 00000002 00000000 00000000 00000000 00000000 00000000 00000000 00000000 00000000 00000000 00000000 00000000 00000000 00000000
001 06E12000100B 00000000 00000001 0000000b 00000000 00000000 00000000 00000000 00000000 00000000 00000000 00000000 00000000 00000000 00000000 00000000 00000000
002 14010200601E 00000000 00000006 0000001e 00000000 00000000 00000000 00000000 00000000 00000000 00000000 00000000 00000000 00000000 00000000 00000800 00000000
003 104020000040 00000000 00000000 00000040 00000000 00000000 00000000 00000000 00000000 00000000 00000000 00000000 00000000 00000000 00000000 00000800 00000000
004 0FF002000007 00000000 00000000 00000007 00000000 baadf00d 00000000 00000000 00000000 00000000 00000000 00000000 00000000 00000000 00000000 00000800 00000000
007 00EE20000FFD 00000000 00000000 fffffffd 00000000 baadf00d 00000000 00000000 00000000 00000000 00000000 00000000 00000000 00000000 00000000 00000800 00000005
008 110E2A000002 00000000 00000000 00000002 00000000 baadf00d 00000000 00000000 00000000 00000000 00000000 00000000 00000000 00000000 00000000 000007fd 00000005
009 110E2F000001 00000000 00000000 00000001 00000000 baadf00d 00000000 00000000 00000000 00000000 00000000 00000000 00000000 00000000 00000000 000007fd 00000005
00A 110E24000000 00000000 00000000 00000000 00000000 baadf00d 00000000 00000000 00000000 00000000 00000000 00000000 00000000 00000000 00000000 000007fd 00000005
00B 0C041200100E 00000000 00000001 0000000e 00000000 baadf00d 00000000 00000000 00000000 00000000 00000000 00000000 00000000 00000000 00000000 000007fd 00000005
00C 003400000000 00000000 00000000 00000000 00000000 baadf00d 00000000 00000000 00000000 00000000 00000000 00000000 00000000 00000000 00000000 000007fd 00000005
00D 090002000018 00000000 00000000 00000018 baadf00d baadf00d 00000000 00000000 00000000 00000000 00000000 00000000 00000000 00000000 00000000 000007fd 00000005
018 00EE20000003 00000000 00000000 00000003 baadf00d baadf00d 00000000 00000000 00000000 00000000 00000000 00000000 00000000 00000000 00000000 000007fd 00000005
019 007400000000 00000000 00000000 00000000 baadf00d baadf00d 00000000 00000000 00000000 00000000 00000000 00000000 00000000 00000000 00000000 00000800 00000005
01A 067720000010 00000000 00000000 00000010 baadf00d baadf00d 00000000 00000000 baadf00d 00000000 00000000 00000000 00000000 00000000 00000000 00000800 00000005
01B 007730000000 00000000 00000000 00000000 baadf00d baadf00d 00000000 00000000 f00d0000 00000000 00000000 00000000 00000000 00000000 00000000 00000800 00000005
01C 14002700000A 00000000 00000000 0000000a baadf00d baadf00d 00000000 00000000 aabaf00d 00000000 00000000 00000000 00000000 00000000 00000000 00000800 00000005
01D 09000F000000 00000000 00000000 00000000 baadf00d baadf00d 00000000 00000000 aabaf00d 00000000 00000000 00000000 00000000 00000000 00000000 00000800 00000005
005 110023000041 00000000 00000000 00000041 baadf00d baadf00d 00000000 00000000 aabaf00d 00000000 00000000 00000000 00000000 00000000 00000000 00000800 00000005
006 150000000000 00000000 00000000 00000000 baadf00d baadf00d 00000000 00000000 aabaf00d 00000000 00000000 00000000 00000000 00000000 00000000 00000800 00000005
