000 104100100000 00000000 00000100 00000000 00000000 00000000 00000000 00000000 00000000 00000000 00000000 00000000 00000000 00000000 00000000 00000000 00000000
001 105100101000 00000000 00000101 00000000 00000000 00000003 00000000 00000000 00000000 00000000 00000000 00000000 00000000 00000000 00000000 00000000 00000000
002 00E0200007D0 00000000 00000000 000007d0 00000000 00000003 00000001 00000000 00000000 00000000 00000000 00000000 00000000 00000000 00000000 00000000 00000000
003 003100000000 00000000 00000000 00000000 00000000 00000003 00000001 00000000 00000000 00000000 00000000 00000000 00000000 00000000 00000000 000007d0 00000000
004 0FF001007000 00000000 00000007 00000000 00000000 00000003 00000001 00000000 00000000 00000000 00000000 00000000 00000000 00000000 00000000 000007d0 00000000
007 00EE20000FFC 00000000 00000000 fffffffc 00000000 00000003 00000001 00000000 00000000 00000000 00000000 00000000 00000000 00000000 00000000 000007d0 00000005
008 110E24000003 00000000 00000000 00000003 00000000 00000003 00000001 00000000 00000000 00000000 00000000 00000000 00000000 00000000 00000000 000007cc 00000005
009 110E25000002 00000000 00000000 00000002 00000000 00000003 00000001 00000000 00000000 00000000 00000000 00000000 00000000 00000000 00000000 000007cc 00000005
00A 110E2F000001 00000000 00000000 00000001 00000000 00000003 00000001 00000000 00000000 00000000 00000000 00000000 00000000 00000000 00000000 000007cc 00000005
00B 110E2A000000 00000000 00000000 00000000 00000000 00000003 00000001 00000000 00000000 00000000 00000000 00000000 00000000 00000000 00000000 000007cc 00000005
00C 090401016000 00000000 00000016 00000000 00000000 00000003 00000001 00000000 00000000 00000000 00000000 00000000 00000000 00000000 00000000 000007cc 00000005
00D 090451016000 00000000 00000016 00000000 00000000 00000003 00000001 00000000 00000000 00000000 00000000 00000000 00000000 00000000 00000000 000007cc 00000005
00E 004410FFF000 00000000 ffffffff 00000000 00000000 00000003 00000001 00000000 00000000 00000000 00000000 00000000 00000000 00000000 00000000 000007cc 00000005
00F 0FF001007000 00000000 00000007 00000000 00000000 00000002 00000001 00000000 00000000 00000000 00000000 00000000 00000000 00000000 00000000 000007cc 00000005
007 00EE20000FFC 00000000 00000000 fffffffc 00000000 00000002 00000001 00000000 00000000 00000000 00000000 00000000 00000000 00000000 00000000 000007cc 00000010
008 110E24000003 00000000 00000000 00000003 00000000 00000002 00000001 00000000 00000000 00000000 00000000 00000000 00000000 00000000 00000000 000007c8 00000010
009 110E25000002 00000000 00000000 00000002 00000000 00000002 00000001 00000000 00000000 00000000 00000000 00000000 00000000 00000000 00000000 000007c8 00000010
00A 110E2F000001 00000000 00000000 00000001 00000000 00000002 00000001 00000000 00000000 00000000 00000000 00000000 00000000 00000000 00000000 000007c8 00000010
00B 110E2A000000 00000000 00000000 00000000 00000000 00000002 00000001 00000000 00000000 00000000 00000000 00000000 00000000 00000000 00000000 000007c8 00000010
00C 090401016000 00000000 00000016 00000000 00000000 00000002 00000001 00000000 00000000 00000000 00000000 00000000 00000000 00000000 00000000 000007c8 00000010
00D 090451016000 00000000 00000016 00000000 00000000 00000002 00000001 00000000 00000000 00000000 00000000 00000000 00000000 00000000 00000000 000007c8 00000010
00E 004410FFF000 00000000 ffffffff 00000000 00000000 00000002 00000001 00000000 00000000 00000000 00000000 00000000 00000000 00000000 00000000 000007c8 00000010
00F 0FF001007000 00000000 00000007 00000000 00000000 00000001 00000001 00000000 00000000 00000000 00000000 00000000 00000000 00000000 00000000 000007c8 00000010
007 00EE20000FFC 00000000 00000000 fffffffc 00000000 00000001 00000001 00000000 00000000 00000000 00000000 00000000 00000000 00000000 00000000 000007c8 00000010
008 110E24000003 00000000 00000000 00000003 00000000 00000001 00000001 00000000 00000000 00000000 00000000 00000000 00000000 00000000 00000000 000007c4 00000010
009 110E25000002 00000000 00000000 00000002 00000000 00000001 00000001 00000000 00000000 00000000 00000000 00000000 00000000 00000000 00000000 000007c4 00000010
00A 110E2F000001 00000000 00000000 00000001 00000000 00000001 00000001 00000000 00000000 00000000 00000000 00000000 00000000 00000000 00000000 000007c4 00000010
00B 110E2A000000 00000000 00000000 00000000 00000000 00000001 00000001 00000000 00000000 00000000 00000000 00000000 00000000 00000000 00000000 000007c4 00000010
00C 090401016000 00000000 00000016 00000000 00000000 00000001 00000001 00000000 00000000 00000000 00000000 00000000 00000000 00000000 00000000 000007c4 00000010
00D 090451016000 00000000 00000016 00000000 00000000 00000001 00000001 00000000 00000000 00000000 00000000 00000000 00000000 00000000 00000000 000007c4 00000010
016 003100001000 00000000 00000001 00000000 00000000 00000001 00000001 00000000 00000000 00000000 00000000 00000000 00000000 00000000 00000000 000007c4 00000010
017 0F7001018000 00000000 00000018 00000000 00000001 00000001 00000001 00000000 00000000 00000000 00000000 00000000 00000000 00000000 00000000 000007c4 00000010
018 10AE20000000 00000000 00000000 00000000 00000001 00000001 00000001 00000000 00000018 00000000 00000000 00000000 00000000 00000000 00000000 000007c4 00000010
019 10FE20000001 00000000 00000000 00000001 00000001 00000001 00000001 00000000 00000018 00000000 00000000 00000000 00000000 00000000 00000000 000007c4 00000010
01A 105E20000002 00000000 00000000 00000002 00000001 00000001 00000001 00000000 00000018 00000000 00000000 00000000 00000000 00000000 00000000 000007c4 00000010
01B 104E20000003 00000000 00000000 00000003 00000001 00000001 00000001 00000000 00000018 00000000 00000000 00000000 00000000 00000000 00000000 000007c4 00000010
01C 00EE20000004 00000000 00000000 00000004 00000001 00000001 00000001 00000000 00000018 00000000 00000000 00000000 00000000 00000000 00000000 000007c4 00000010
01D 0F700F000000 00000000 00000000 00000000 00000001 00000001 00000001 00000000 00000018 00000000 00000000 00000000 00000000 00000000 00000000 000007c8 00000010
010 00A300000000 00000000 00000000 00000000 00000001 00000001 00000001 00000000 0000001e 00000000 00000000 00000000 00000000 00000000 00000000 000007c8 00000010
011 104E12003FFF 00000000 00000003 ffffffff 00000001 00000001 00000001 00000000 0000001e 00000000 00000000 00000001 00000000 00000000 00000000 000007c8 00000010
012 105E12002FFF 00000000 00000002 ffffffff 00000001 00000001 00000001 00000000 0000001e 00000000 00000000 00000001 00000000 00000000 00000000 000007c8 00000010
013 0FF001007000 00000000 00000007 00000000 00000001 00000001 00000000 00000000 0000001e 00000000 00000000 00000001 00000000 00000000 00000000 000007c8 00000010
007 00EE20000FFC 00000000 00000000 fffffffc 00000001 00000001 00000000 00000000 0000001e 00000000 00000000 00000001 00000000 00000000 00000000 000007c8 00000014
008 110E24000003 00000000 00000000 00000003 00000001 00000001 00000000 00000000 0000001e 00000000 00000000 00000001 00000000 00000000 00000000 000007c4 00000014
009 110E25000002 00000000 00000000 00000002 00000001 00000001 00000000 00000000 0000001e 00000000 00000000 00000001 00000000 00000000 00000000 000007c4 00000014
00A 110E2F000001 00000000 00000000 00000001 00000001 00000001 00000000 00000000 0000001e 00000000 00000000 00000001 00000000 00000000 00000000 000007c4 00000014
00B 110E2A000000 00000000 00000000 00000000 00000001 00000001 00000000 00000000 0000001e 00000000 00000000 00000001 00000000 00000000 00000000 000007c4 00000014
00C 090401016000 00000000 00000016 00000000 00000001 00000001 00000000 00000000 0000001e 00000000 00000000 00000001 00000000 00000000 00000000 000007c4 00000014
00D 090451016000 00000000 00000016 00000000 00000001 00000001 00000000 00000000 0000001e 00000000 00000000 00000001 00000000 00000000 00000000 000007c4 00000014
00E 004410FFF000 00000000 ffffffff 00000000 00000001 00000001 00000000 00000000 0000001e 00000000 00000000 00000001 00000000 00000000 00000000 000007c4 00000014
00F 0FF001007000 00000000 00000007 00000000 00000001 00000000 00000000 00000000 0000001e 00000000 00000000 00000001 00000000 00000000 00000000 000007c4 00000014
007 00EE20000FFC 00000000 00000000 fffffffc 00000001 00000000 00000000 00000000 0000001e 00000000 00000000 00000001 00000000 00000000 00000000 000007c4 00000010
008 110E24000003 00000000 00000000 00000003 00000001 00000000 00000000 00000000 0000001e 00000000 00000000 00000001 00000000 00000000 00000000 000007c0 00000010
009 110E25000002 00000000 00000000 00000002 00000001 00000000 00000000 00000000 0000001e 00000000 00000000 00000001 00000000 00000000 00000000 000007c0 00000010
00A 110E2F000001 00000000 00000000 00000001 00000001 00000000 00000000 00000000 0000001e 00000000 00000000 00000001 00000000 00000000 00000000 000007c0 00000010
00B 110E2A000000 00000000 00000000 00000000 00000001 00000000 00000000 00000000 0000001e 00000000 00000000 00000001 00000000 00000000 00000000 000007c0 00000010
00C 090401016000 00000000 00000016 00000000 00000001 00000000 00000000 00000000 0000001e 00000000 00000000 00000001 00000000 00000000 00000000 000007c0 00000010
016 003100001000 00000000 00000001 00000000 00000001 00000000 00000000 00000000 0000001e 00000000 00000000 00000001 00000000 00000000 00000000 000007c0 00000010
017 0F7001018000 00000000 00000018 00000000 00000001 00000000 00000000 00000000 0000001e 00000000 00000000 00000001 00000000 00000000 00000000 000007c0 00000010
018 10AE20000000 00000000 00000000 00000000 00000001 00000000 00000000 00000000 00000018 00000000 00000000 00000001 00000000 00000000 00000000 000007c0 00000010
019 10FE20000001 00000000 00000000 00000001 00000001 00000000 00000000 00000000 00000018 00000000 00000000 00000001 00000000 00000000 00000000 000007c0 00000010
01A 105E20000002 00000000 00000000 00000002 00000001 00000000 00000000 00000000 00000018 00000000 00000000 00000001 00000000 00000000 00000000 000007c0 00000010
01B 104E20000003 00000000 00000000 00000003 00000001 00000000 00000000 00000000 00000018 00000000 00000000 00000001 00000000 00000000 00000000 000007c0 00000010
01C 00EE20000004 00000000 00000000 00000004 00000001 00000000 00000000 00000000 00000018 00000000 00000000 00000001 00000000 00000000 00000000 000007c0 00000010
01D 0F700F000000 00000000 00000000 00000000 00000001 00000000 00000000 00000000 00000018 00000000 00000000 00000001 00000000 00000000 00000000 000007c4 00000010
010 00A300000000 00000000 00000000 00000000 00000001 00000000 00000000 00000000 0000001e 00000000 00000000 00000001 00000000 00000000 00000000 000007c4 00000010
011 104E12003FFF 00000000 00000003 ffffffff 00000001 00000000 00000000 00000000 0000001e 00000000 00000000 00000001 00000000 00000000 00000000 000007c4 00000010
012 105E12002FFF 00000000 00000002 ffffffff 00000001 00000000 00000000 00000000 0000001e 00000000 00000000 00000001 00000000 00000000 00000000 000007c4 00000010
013 0FF001007000 00000000 00000007 00000000 00000001 00000000 ffffffff 00000000 0000001e 00000000 00000000 00000001 00000000 00000000 00000000 000007c4 00000010
007 00EE20000FFC 00000000 00000000 fffffffc 00000001 00000000 ffffffff 00000000 0000001e 00000000 00000000 00000001 00000000 00000000 00000000 000007c4 00000014
008 110E24000003 00000000 00000000 00000003 00000001 00000000 ffffffff 00000000 0000001e 00000000 00000000 00000001 00000000 00000000 00000000 000007c0 00000014
009 110E25000002 00000000 00000000 00000002 00000001 00000000 ffffffff 00000000 0000001e 00000000 00000000 00000001 00000000 00000000 00000000 000007c0 00000014
00A 110E2F000001 00000000 00000000 00000001 00000001 00000000 ffffffff 00000000 0000001e 00000000 00000000 00000001 00000000 00000000 00000000 000007c0 00000014
00B 110E2A000000 00000000 00000000 00000000 00000001 00000000 ffffffff 00000000 0000001e 00000000 00000000 00000001 00000000 00000000 00000000 000007c0 00000014
00C 090401016000 00000000 00000016 00000000 00000001 00000000 ffffffff 00000000 0000001e 00000000 00000000 00000001 00000000 00000000 00000000 000007c0 00000014
016 003100001000 00000000 00000001 00000000 00000001 00000000 ffffffff 00000000 0000001e 00000000 00000000 00000001 00000000 00000000 00000000 000007c0 00000014
017 0F7001018000 00000000 00000018 00000000 00000001 00000000 ffffffff 00000000 0000001e 00000000 00000000 00000001 00000000 00000000 00000000 000007c0 00000014
018 10AE20000000 00000000 00000000 00000000 00000001 00000000 ffffffff 00000000 00000018 00000000 00000000 00000001 00000000 00000000 00000000 000007c0 00000014
019 10FE20000001 00000000 00000000 00000001 00000001 00000000 ffffffff 00000000 00000018 00000000 00000000 00000001 00000000 00000000 00000000 000007c0 00000014
01A 105E20000002 00000000 00000000 00000002 00000001 00000000 ffffffff 00000000 00000018 00000000 00000000 00000001 00000000 00000000 00000000 000007c0 00000014
01B 104E20000003 00000000 00000000 00000003 00000001 00000000 ffffffff 00000000 00000018 00000000 00000000 00000001 00000000 00000000 00000000 000007c0 00000014
01C 00EE20000004 00000000 00000000 00000004 00000001 00000000 ffffffff 00000000 00000018 00000000 00000000 00000001 00000000 00000000 00000000 000007c0 00000014
01D 0F700F000000 00000000 00000000 00000000 00000001 00000000 ffffffff 00000000 00000018 00000000 00000000 00000001 00000000 00000000 00000000 000007c4 00000014
014 0033A0000000 00000000 00000000 00000000 00000001 00000000 ffffffff 00000000 0000001e 00000000 00000000 00000001 00000000 00000000 00000000 000007c4 00000014
015 0F0001018000 00000000 00000018 00000000 00000002 00000000 ffffffff 00000000 0000001e 00000000 00000000 00000001 00000000 00000000 00000000 000007c4 00000014
018 10AE20000000 00000000 00000000 00000000 00000002 00000000 ffffffff 00000000 0000001e 00000000 00000000 00000001 00000000 00000000 00000000 000007c4 00000014
019 10FE20000001 00000000 00000000 00000001 00000002 00000000 ffffffff 00000000 0000001e 00000000 00000000 00000001 00000000 00000000 00000000 000007c4 00000014
01A 105E20000002 00000000 00000000 00000002 00000002 00000000 ffffffff 00000000 0000001e 00000000 00000000 00000001 00000000 00000000 00000000 000007c4 00000014
01B 104E20000003 00000000 00000000 00000003 00000002 00000000 00000000 00000000 0000001e 00000000 00000000 00000001 00000000 00000000 00000000 000007c4 00000014
01C 00EE20000004 00000000 00000000 00000004 00000002 00000001 00000000 00000000 0000001e 00000000 00000000 00000001 00000000 00000000 00000000 000007c4 00000014
01D 0F700F000000 00000000 00000000 00000000 00000002 00000001 00000000 00000000 0000001e 00000000 00000000 00000001 00000000 00000000 00000000 000007c8 00000014
014 0033A0000000 00000000 00000000 00000000 00000002 00000001 00000000 00000000 0000001e 00000000 00000000 00000001 00000000 00000000 00000000 000007c8 00000014
015 0F0001018000 00000000 00000018 00000000 00000003 00000001 00000000 00000000 0000001e 00000000 00000000 00000001 00000000 00000000 00000000 000007c8 00000014
018 10AE20000000 00000000 00000000 00000000 00000003 00000001 00000000 00000000 0000001e 00000000 00000000 00000001 00000000 00000000 00000000 000007c8 00000014
019 10FE20000001 00000000 00000000 00000001 00000003 00000001 00000000 00000000 0000001e 00000000 00000000 00000000 00000000 00000000 00000000 000007c8 00000014
01A 105E20000002 00000000 00000000 00000002 00000003 00000001 00000000 00000000 0000001e 00000000 00000000 00000000 00000000 00000000 00000000 000007c8 00000010
01B 104E20000003 00000000 00000000 00000003 00000003 00000001 00000001 00000000 0000001e 00000000 00000000 00000000 00000000 00000000 00000000 000007c8 00000010
01C 00EE20000004 00000000 00000000 00000004 00000003 00000002 00000001 00000000 0000001e 00000000 00000000 00000000 00000000 00000000 00000000 000007c8 00000010
01D 0F700F000000 00000000 00000000 00000000 00000003 00000002 00000001 00000000 0000001e 00000000 00000000 00000000 00000000 00000000 00000000 000007cc 00000010
010 00A300000000 00000000 00000000 00000000 00000003 00000002 00000001 00000000 0000001e 00000000 00000000 00000000 00000000 00000000 00000000 000007cc 00000010
011 104E12003FFF 00000000 00000003 ffffffff 00000003 00000002 00000001 00000000 0000001e 00000000 00000000 00000003 00000000 00000000 00000000 000007cc 00000010
012 105E12002FFF 00000000 00000002 ffffffff 00000003 00000002 00000001 00000000 0000001e 00000000 00000000 00000003 00000000 00000000 00000000 000007cc 00000010
013 0FF001007000 00000000 00000007 00000000 00000003 00000002 00000000 00000000 0000001e 00000000 00000000 00000003 00000000 00000000 00000000 000007cc 00000010
007 00EE20000FFC 00000000 00000000 fffffffc 00000003 00000002 00000000 00000000 0000001e 00000000 00000000 00000003 00000000 00000000 00000000 000007cc 00000014
008 110E24000003 00000000 00000000 00000003 00000003 00000002 00000000 00000000 0000001e 00000000 00000000 00000003 00000000 00000000 00000000 000007c8 00000014
009 110E25000002 00000000 00000000 00000002 00000003 00000002 00000000 00000000 0000001e 00000000 00000000 00000003 00000000 00000000 00000000 000007c8 00000014
00A 110E2F000001 00000000 00000000 00000001 00000003 00000002 00000000 00000000 0000001e 00000000 00000000 00000003 00000000 00000000 00000000 000007c8 00000014
00B 110E2A000000 00000000 00000000 00000000 00000003 00000002 00000000 00000000 0000001e 00000000 00000000 00000003 00000000 00000000 00000000 000007c8 00000014
00C 090401016000 00000000 00000016 00000000 00000003 00000002 00000000 00000000 0000001e 00000000 00000000 00000003 00000000 00000000 00000000 000007c8 00000014
00D 090451016000 00000000 00000016 00000000 00000003 00000002 00000000 00000000 0000001e 00000000 00000000 00000003 00000000 00000000 00000000 000007c8 00000014
00E 004410FFF000 00000000 ffffffff 00000000 00000003 00000002 00000000 00000000 0000001e 00000000 00000000 00000003 00000000 00000000 00000000 000007c8 00000014
00F 0FF001007000 00000000 00000007 00000000 00000003 00000001 00000000 00000000 0000001e 00000000 00000000 00000003 00000000 00000000 00000000 000007c8 00000014
007 00EE20000FFC 00000000 00000000 fffffffc 00000003 00000001 00000000 00000000 0000001e 00000000 00000000 00000003 00000000 00000000 00000000 000007c8 00000010
008 110E24000003 00000000 00000000 00000003 00000003 00000001 00000000 00000000 0000001e 00000000 00000000 00000003 00000000 00000000 00000000 000007c4 00000010
009 110E25000002 00000000 00000000 00000002 00000003 00000001 00000000 00000000 0000001e 00000000 00000000 00000003 00000000 00000000 00000000 000007c4 00000010
00A 110E2F000001 00000000 00000000 00000001 00000003 00000001 00000000 00000000 0000001e 00000000 00000000 00000003 00000000 00000000 00000000 000007c4 00000010
00B 110E2A000000 00000000 00000000 00000000 00000003 00000001 00000000 00000000 0000001e 00000000 00000000 00000003 00000000 00000000 00000000 000007c4 00000010
00C 090401016000 00000000 00000016 00000000 00000003 00000001 00000000 00000000 0000001e 00000000 00000000 00000003 00000000 00000000 00000000 000007c4 00000010
00D 090451016000 00000000 00000016 00000000 00000003 00000001 00000000 00000000 0000001e 00000000 00000000 00000003 00000000 00000000 00000000 000007c4 00000010
00E 004410FFF000 00000000 ffffffff 00000000 00000003 00000001 00000000 00000000 0000001e 00000000 00000000 00000003 00000000 00000000 00000000 000007c4 00000010
00F 0FF001007000 00000000 00000007 00000000 00000003 00000000 00000000 00000000 0000001e 00000000 00000000 00000003 00000000 00000000 00000000 000007c4 00000010
007 00EE20000FFC 00000000 00000000 fffffffc 00000003 00000000 00000000 00000000 0000001e 00000000 00000000 00000003 00000000 00000000 00000000 000007c4 00000010
008 110E24000003 00000000 00000000 00000003 00000003 00000000 00000000 00000000 0000001e 00000000 00000000 00000003 00000000 00000000 00000000 000007c0 00000010
009 110E25000002 00000000 00000000 00000002 00000003 00000000 00000000 00000000 0000001e 00000000 00000000 00000003 00000000 00000000 00000000 000007c0 00000010
00A 110E2F000001 00000000 00000000 00000001 00000003 00000000 00000000 00000000 0000001e 00000000 00000000 00000003 00000000 00000000 00000000 000007c0 00000010
00B 110E2A000000 00000000 00000000 00000000 00000003 00000000 00000000 00000000 0000001e 00000000 00000000 00000003 00000000 00000000 00000000 000007c0 00000010
00C 090401016000 00000000 00000016 00000000 00000003 00000000 00000000 00000000 0000001e 00000000 00000000 00000003 00000000 00000000 00000000 000007c0 00000010
016 003100001000 00000000 00000001 00000000 00000003 00000000 00000000 00000000 0000001e 00000000 00000000 00000003 00000000 00000000 00000000 000007c0 00000010
017 0F7001018000 00000000 00000018 00000000 00000001 00000000 00000000 00000000 0000001e 00000000 00000000 00000003 00000000 00000000 00000000 000007c0 00000010
018 10AE20000000 00000000 00000000 00000000 00000001 00000000 00000000 00000000 00000018 00000000 00000000 00000003 00000000 00000000 00000000 000007c0 00000010
019 10FE20000001 00000000 00000000 00000001 00000001 00000000 00000000 00000000 00000018 00000000 00000000 00000003 00000000 00000000 00000000 000007c0 00000010
01A 105E20000002 00000000 00000000 00000002 00000001 00000000 00000000 00000000 00000018 00000000 00000000 00000003 00000000 00000000 00000000 000007c0 00000010
01B 104E20000003 00000000 00000000 00000003 00000001 00000000 00000000 00000000 00000018 00000000 00000000 00000003 00000000 00000000 00000000 000007c0 00000010
01C 00EE20000004 00000000 00000000 00000004 00000001 00000000 00000000 00000000 00000018 00000000 00000000 00000003 00000000 00000000 00000000 000007c0 00000010
01D 0F700F000000 00000000 00000000 00000000 00000001 00000000 00000000 00000000 00000018 00000000 00000000 00000003 00000000 00000000 00000000 000007c4 00000010
010 00A300000000 00000000 00000000 00000000 00000001 00000000 00000000 00000000 0000001e 00000000 00000000 00000003 00000000 00000000 00000000 000007c4 00000010
011 104E12003FFF 00000000 00000003 ffffffff 00000001 00000000 00000000 00000000 0000001e 00000000 00000000 00000001 00000000 00000000 00000000 000007c4 00000010
012 105E12002FFF 00000000 00000002 ffffffff 00000001 00000000 00000000 00000000 0000001e 00000000 00000000 00000001 00000000 00000000 00000000 000007c4 00000010
013 0FF001007000 00000000 00000007 00000000 00000001 00000000 ffffffff 00000000 0000001e 00000000 00000000 00000001 00000000 00000000 00000000 000007c4 00000010
007 00EE20000FFC 00000000 00000000 fffffffc 00000001 00000000 ffffffff 00000000 0000001e 00000000 00000000 00000001 00000000 00000000 00000000 000007c4 00000014
008 110E24000003 00000000 00000000 00000003 00000001 00000000 ffffffff 00000000 0000001e 00000000 00000000 00000001 00000000 00000000 00000000 000007c0 00000014
009 110E25000002 00000000 00000000 00000002 00000001 00000000 ffffffff 00000000 0000001e 00000000 00000000 00000001 00000000 00000000 00000000 000007c0 00000014
00A 110E2F000001 00000000 00000000 00000001 00000001 00000000 ffffffff 00000000 0000001e 00000000 00000000 00000001 00000000 00000000 00000000 000007c0 00000014
00B 110E2A000000 00000000 00000000 00000000 00000001 00000000 ffffffff 00000000 0000001e 00000000 00000000 00000001 00000000 00000000 00000000 000007c0 00000014
00C 090401016000 00000000 00000016 00000000 00000001 00000000 ffffffff 00000000 0000001e 00000000 00000000 00000001 00000000 00000000 00000000 000007c0 00000014
016 003100001000 00000000 00000001 00000000 00000001 00000000 ffffffff 00000000 0000001e 00000000 00000000 00000001 00000000 00000000 00000000 000007c0 00000014
017 0F7001018000 00000000 00000018 00000000 00000001 00000000 ffffffff 00000000 0000001e 00000000 00000000 00000001 00000000 00000000 00000000 000007c0 00000014
018 10AE20000000 00000000 00000000 00000000 00000001 00000000 ffffffff 00000000 00000018 00000000 00000000 00000001 00000000 00000000 00000000 000007c0 00000014
019 10FE20000001 00000000 00000000 00000001 00000001 00000000 ffffffff 00000000 00000018 00000000 00000000 00000001 00000000 00000000 00000000 000007c0 00000014
01A 105E20000002 00000000 00000000 00000002 00000001 00000000 ffffffff 00000000 00000018 00000000 00000000 00000001 00000000 00000000 00000000 000007c0 00000014
01B 104E20000003 00000000 00000000 00000003 00000001 00000000 ffffffff 00000000 00000018 00000000 00000000 00000001 00000000 00000000 00000000 000007c0 00000014
01C 00EE20000004 00000000 00000000 00000004 00000001 00000000 ffffffff 00000000 00000018 00000000 00000000 00000001 00000000 00000000 00000000 000007c0 00000014
01D 0F700F000000 00000000 00000000 00000000 00000001 00000000 ffffffff 00000000 00000018 00000000 00000000 00000001 00000000 00000000 00000000 000007c4 00000014
014 0033A0000000 00000000 00000000 00000000 00000001 00000000 ffffffff 00000000 0000001e 00000000 00000000 00000001 00000000 00000000 00000000 000007c4 00000014
015 0F0001018000 00000000 00000018 00000000 00000002 00000000 ffffffff 00000000 0000001e 00000000 00000000 00000001 00000000 00000000 00000000 000007c4 00000014
018 10AE20000000 00000000 00000000 00000000 00000002 00000000 ffffffff 00000000 0000001e 00000000 00000000 00000001 00000000 00000000 00000000 000007c4 00000014
019 10FE20000001 00000000 00000000 00000001 00000002 00000000 ffffffff 00000000 0000001e 00000000 00000000 00000003 00000000 00000000 00000000 000007c4 00000014
01A 105E20000002 00000000 00000000 00000002 00000002 00000000 ffffffff 00000000 0000001e 00000000 00000000 00000003 00000000 00000000 00000000 000007c4 00000010
01B 104E20000003 00000000 00000000 00000003 00000002 00000000 00000000 00000000 0000001e 00000000 00000000 00000003 00000000 00000000 00000000 000007c4 00000010
01C 00EE20000004 00000000 00000000 00000004 00000002 00000001 00000000 00000000 0000001e 00000000 00000000 00000003 00000000 00000000 00000000 000007c4 00000010
01D 0F700F000000 00000000 00000000 00000000 00000002 00000001 00000000 00000000 0000001e 00000000 00000000 00000003 00000000 00000000 00000000 000007c8 00000010
010 00A300000000 00000000 00000000 00000000 00000002 00000001 00000000 00000000 0000001e 00000000 00000000 00000003 00000000 00000000 00000000 000007c8 00000010
011 104E12003FFF 00000000 00000003 ffffffff 00000002 00000001 00000000 00000000 0000001e 00000000 00000000 00000002 00000000 00000000 00000000 000007c8 00000010
012 105E12002FFF 00000000 00000002 ffffffff 00000002 00000001 00000000 00000000 0000001e 00000000 00000000 00000002 00000000 00000000 00000000 000007c8 00000010
013 0FF001007000 00000000 00000007 00000000 00000002 00000001 ffffffff 00000000 0000001e 00000000 00000000 00000002 00000000 00000000 00000000 000007c8 00000010
007 00EE20000FFC 00000000 00000000 fffffffc 00000002 00000001 ffffffff 00000000 0000001e 00000000 00000000 00000002 00000000 00000000 00000000 000007c8 00000014
008 110E24000003 00000000 00000000 00000003 00000002 00000001 ffffffff 00000000 0000001e 00000000 00000000 00000002 00000000 00000000 00000000 000007c4 00000014
009 110E25000002 00000000 00000000 00000002 00000002 00000001 ffffffff 00000000 0000001e 00000000 00000000 00000002 00000000 00000000 00000000 000007c4 00000014
00A 110E2F000001 00000000 00000000 00000001 00000002 00000001 ffffffff 00000000 0000001e 00000000 00000000 00000002 00000000 00000000 00000000 000007c4 00000014
00B 110E2A000000 00000000 00000000 00000000 00000002 00000001 ffffffff 00000000 0000001e 00000000 00000000 00000002 00000000 00000000 00000000 000007c4 00000014
00C 090401016000 00000000 00000016 00000000 00000002 00000001 ffffffff 00000000 0000001e 00000000 00000000 00000002 00000000 00000000 00000000 000007c4 00000014
00D 090451016000 00000000 00000016 00000000 00000002 00000001 ffffffff 00000000 0000001e 00000000 00000000 00000002 00000000 00000000 00000000 000007c4 00000014
00E 004410FFF000 00000000 ffffffff 00000000 00000002 00000001 ffffffff 00000000 0000001e 00000000 00000000 00000002 00000000 00000000 00000000 000007c4 00000014
00F 0FF001007000 00000000 00000007 00000000 00000002 00000000 ffffffff 00000000 0000001e 00000000 00000000 00000002 00000000 00000000 00000000 000007c4 00000014
007 00EE20000FFC 00000000 00000000 fffffffc 00000002 00000000 ffffffff 00000000 0000001e 00000000 00000000 00000002 00000000 00000000 00000000 000007c4 00000010
008 110E24000003 00000000 00000000 00000003 00000002 00000000 ffffffff 00000000 0000001e 00000000 00000000 00000002 00000000 00000000 00000000 000007c0 00000010
009 110E25000002 00000000 00000000 00000002 00000002 00000000 ffffffff 00000000 0000001e 00000000 00000000 00000002 00000000 00000000 00000000 000007c0 00000010
00A 110E2F000001 00000000 00000000 00000001 00000002 00000000 ffffffff 00000000 0000001e 00000000 00000000 00000002 00000000 00000000 00000000 000007c0 00000010
00B 110E2A000000 00000000 00000000 00000000 00000002 00000000 ffffffff 00000000 0000001e 00000000 00000000 00000002 00000000 00000000 00000000 000007c0 00000010
00C 090401016000 00000000 00000016 00000000 00000002 00000000 ffffffff 00000000 0000001e 00000000 00000000 00000002 00000000 00000000 00000000 000007c0 00000010
016 003100001000 00000000 00000001 00000000 00000002 00000000 ffffffff 00000000 0000001e 00000000 00000000 00000002 00000000 00000000 00000000 000007c0 00000010
017 0F7001018000 00000000 00000018 00000000 00000001 00000000 ffffffff 00000000 0000001e 00000000 00000000 00000002 00000000 00000000 00000000 000007c0 00000010
018 10AE20000000 00000000 00000000 00000000 00000001 00000000 ffffffff 00000000 00000018 00000000 00000000 00000002 00000000 00000000 00000000 000007c0 00000010
019 10FE20000001 00000000 00000000 00000001 00000001 00000000 ffffffff 00000000 00000018 00000000 00000000 00000002 00000000 00000000 00000000 000007c0 00000010
01A 105E20000002 00000000 00000000 00000002 00000001 00000000 ffffffff 00000000 00000018 00000000 00000000 00000002 00000000 00000000 00000000 000007c0 00000010
01B 104E20000003 00000000 00000000 00000003 00000001 00000000 ffffffff 00000000 00000018 00000000 00000000 00000002 00000000 00000000 00000000 000007c0 00000010
01C 00EE20000004 00000000 00000000 00000004 00000001 00000000 ffffffff 00000000 00000018 00000000 00000000 00000002 00000000 00000000 00000000 000007c0 00000010
01D 0F700F000000 00000000 00000000 00000000 00000001 00000000 ffffffff 00000000 00000018 00000000 00000000 00000002 00000000 00000000 00000000 000007c4 00000010
010 00A300000000 00000000 00000000 00000000 00000001 00000000 ffffffff 00000000 0000001e 00000000 00000000 00000002 00000000 00000000 00000000 000007c4 00000010
011 104E12003FFF 00000000 00000003 ffffffff 00000001 00000000 ffffffff 00000000 0000001e 00000000 00000000 00000001 00000000 00000000 00000000 000007c4 00000010
012 105E12002FFF 00000000 00000002 ffffffff 00000001 00000000 ffffffff 00000000 0000001e 00000000 00000000 00000001 00000000 00000000 00000000 000007c4 00000010
013 0FF001007000 00000000 00000007 00000000 00000001 00000000 fffffffe 00000000 0000001e 00000000 00000000 00000001 00000000 00000000 00000000 000007c4 00000010
007 00EE20000FFC 00000000 00000000 fffffffc 00000001 00000000 fffffffe 00000000 0000001e 00000000 00000000 00000001 00000000 00000000 00000000 000007c4 00000014
008 110E24000003 00000000 00000000 00000003 00000001 00000000 fffffffe 00000000 0000001e 00000000 00000000 00000001 00000000 00000000 00000000 000007c0 00000014
009 110E25000002 00000000 00000000 00000002 00000001 00000000 fffffffe 00000000 0000001e 00000000 00000000 00000001 00000000 00000000 00000000 000007c0 00000014
00A 110E2F000001 00000000 00000000 00000001 00000001 00000000 fffffffe 00000000 0000001e 00000000 00000000 00000001 00000000 00000000 00000000 000007c0 00000014
00B 110E2A000000 00000000 00000000 00000000 00000001 00000000 fffffffe 00000000 0000001e 00000000 00000000 00000001 00000000 00000000 00000000 000007c0 00000014
00C 090401016000 00000000 00000016 00000000 00000001 00000000 fffffffe 00000000 0000001e 00000000 00000000 00000001 00000000 00000000 00000000 000007c0 00000014
016 003100001000 00000000 00000001 00000000 00000001 00000000 fffffffe 00000000 0000001e 00000000 00000000 00000001 00000000 00000000 00000000 000007c0 00000014
017 0F7001018000 00000000 00000018 00000000 00000001 00000000 fffffffe 00000000 0000001e 00000000 00000000 00000001 00000000 00000000 00000000 000007c0 00000014
018 10AE20000000 00000000 00000000 00000000 00000001 00000000 fffffffe 00000000 00000018 00000000 00000000 00000001 00000000 00000000 00000000 000007c0 00000014
019 10FE20000001 00000000 00000000 00000001 00000001 00000000 fffffffe 00000000 00000018 00000000 00000000 00000001 00000000 00000000 00000000 000007c0 00000014
01A 105E20000002 00000000 00000000 00000002 00000001 00000000 fffffffe 00000000 00000018 00000000 00000000 00000001 00000000 00000000 00000000 000007c0 00000014
01B 104E20000003 00000000 00000000 00000003 00000001 00000000 fffffffe 00000000 00000018 00000000 00000000 00000001 00000000 00000000 00000000 000007c0 00000014
01C 00EE20000004 00000000 00000000 00000004 00000001 00000000 fffffffe 00000000 00000018 00000000 00000000 00000001 00000000 00000000 00000000 000007c0 00000014
01D 0F700F000000 00000000 00000000 00000000 00000001 00000000 fffffffe 00000000 00000018 00000000 00000000 00000001 00000000 00000000 00000000 000007c4 00000014
014 0033A0000000 00000000 00000000 00000000 00000001 00000000 fffffffe 00000000 0000001e 00000000 00000000 00000001 00000000 00000000 00000000 000007c4 00000014
015 0F0001018000 00000000 00000018 00000000 00000002 00000000 fffffffe 00000000 0000001e 00000000 00000000 00000001 00000000 00000000 00000000 000007c4 00000014
018 10AE20000000 00000000 00000000 00000000 00000002 00000000 fffffffe 00000000 0000001e 00000000 00000000 00000001 00000000 00000000 00000000 000007c4 00000014
019 10FE20000001 00000000 00000000 00000001 00000002 00000000 fffffffe 00000000 0000001e 00000000 00000000 00000002 00000000 00000000 00000000 000007c4 00000014
01A 105E20000002 00000000 00000000 00000002 00000002 00000000 fffffffe 00000000 0000001e 00000000 00000000 00000002 00000000 00000000 00000000 000007c4 00000014
01B 104E20000003 00000000 00000000 00000003 00000002 00000000 ffffffff 00000000 0000001e 00000000 00000000 00000002 00000000 00000000 00000000 000007c4 00000014
01C 00EE20000004 00000000 00000000 00000004 00000002 00000001 ffffffff 00000000 0000001e 00000000 00000000 00000002 00000000 00000000 00000000 000007c4 00000014
01D 0F700F000000 00000000 00000000 00000000 00000002 00000001 ffffffff 00000000 0000001e 00000000 00000000 00000002 00000000 00000000 00000000 000007c8 00000014
014 0033A0000000 00000000 00000000 00000000 00000002 00000001 ffffffff 00000000 0000001e 00000000 00000000 00000002 00000000 00000000 00000000 000007c8 00000014
015 0F0001018000 00000000 00000018 00000000 00000004 00000001 ffffffff 00000000 0000001e 00000000 00000000 00000002 00000000 00000000 00000000 000007c8 00000014
018 10AE20000000 00000000 00000000 00000000 00000004 00000001 ffffffff 00000000 0000001e 00000000 00000000 00000002 00000000 00000000 00000000 000007c8 00000014
019 10FE20000001 00000000 00000000 00000001 00000004 00000001 ffffffff 00000000 0000001e 00000000 00000000 00000003 00000000 00000000 00000000 000007c8 00000014
01A 105E20000002 00000000 00000000 00000002 00000004 00000001 ffffffff 00000000 0000001e 00000000 00000000 00000003 00000000 00000000 00000000 000007c8 00000014
01B 104E20000003 00000000 00000000 00000003 00000004 00000001 00000000 00000000 0000001e 00000000 00000000 00000003 00000000 00000000 00000000 000007c8 00000014
01C 00EE20000004 00000000 00000000 00000004 00000004 00000002 00000000 00000000 0000001e 00000000 00000000 00000003 00000000 00000000 00000000 000007c8 00000014
01D 0F700F000000 00000000 00000000 00000000 00000004 00000002 00000000 00000000 0000001e 00000000 00000000 00000003 00000000 00000000 00000000 000007cc 00000014
014 0033A0000000 00000000 00000000 00000000 00000004 00000002 00000000 00000000 0000001e 00000000 00000000 00000003 00000000 00000000 00000000 000007cc 00000014
015 0F0001018000 00000000 00000018 00000000 00000007 00000002 00000000 00000000 0000001e 00000000 00000000 00000003 00000000 00000000 00000000 000007cc 00000014
018 10AE20000000 00000000 00000000 00000000 00000007 00000002 00000000 00000000 0000001e 00000000 00000000 00000003 00000000 00000000 00000000 000007cc 00000014
019 10FE20000001 00000000 00000000 00000001 00000007 00000002 00000000 00000000 0000001e 00000000 00000000 00000000 00000000 00000000 00000000 000007cc 00000014
01A 105E20000002 00000000 00000000 00000002 00000007 00000002 00000000 00000000 0000001e 00000000 00000000 00000000 00000000 00000000 00000000 000007cc 00000005
01B 104E20000003 00000000 00000000 00000003 00000007 00000002 00000001 00000000 0000001e 00000000 00000000 00000000 00000000 00000000 00000000 000007cc 00000005
01C 00EE20000004 00000000 00000000 00000004 00000007 00000003 00000001 00000000 0000001e 00000000 00000000 00000000 00000000 00000000 00000000 000007cc 00000005
01D 0F700F000000 00000000 00000000 00000000 00000007 00000003 00000001 00000000 0000001e 00000000 00000000 00000000 00000000 00000000 00000000 000007d0 00000005
005 113020000102 00000000 00000000 00000102 00000007 00000003 00000001 00000000 0000001e 00000000 00000000 00000000 00000000 00000000 00000000 000007d0 00000005
006 150000000000 00000000 00000000 00000000 00000007 00000003 00000001 00000000 0000001e 00000000 00000000 00000000 00000000 00000000 00000000 000007d0 00000005
